8,7
8,6
8,5
8,8
132,7
132,5
128,16
94,3
71,3
161,3
160,3
86,8
128,17
111,3
8,3
67,7
74,3
161,5
161,4
160,5
160,4
86,3
47,2784
47,2780
47,2777
47,2775
47,2772
47,2769
47,2766
47,2764
47,2761
47,2758
47,2756
47,2753
47,2604
47,2567
47,2560
47,2557
47,2555
47,2552
47,2549
47,2547
47,2544
47,2541
47,2538
47,2536
47,2533
47,2529
47,2526
47,2523
47,2520
47,2517
47,2515
47,2511
47,2508
47,2506
47,2503
47,2500
47,2497
47,2623
47,2620
47,2618
47,2615
47,2612
47,2609
47,2607
47,2601
47,2599
47,2596
47,2593
47,2588
47,2590
47,2585
47,2580
47,2582
47,2577
47,2576
47,2573
47,2572
47,2571
47,2568
47,2565
47,2564
47,2561
47,450
47,2239
47,2235
47,2237
47,2234
47,2231
47,2230
47,2228
47,2226
47,2224
47,2220
47,2219
47,2218
47,2215
47,2216
47,2212
47,2211
47,2209
47,2206
47,2200
47,2203
47,2198
47,2197
47,2195
47,2194
47,2192
47,2189
47,2190
47,2187
47,2183
47,2182
47,2179
47,2178
47,312
47,300
47,2106
47,2113
47,2091
47,2066
47,2059
47,2110
47,2111
47,2107
47,2104
47,2102
47,2103
47,2098
47,2099
47,2096
47,2094
47,2093
47,2089
47,2088
47,2086
47,2085
47,2083
47,2081
47,2080
47,2077
47,2076
47,2074
47,2073
47,2072
47,2069
47,2068
47,2064
47,2063
47,2062
47,2061
47,2058
47,2055
47,2056
47,2054
47,2052
47,2051
47,2050
47,2049
47,1983
47,1923
47,1982
47,1981
47,1979
47,1980
47,1978
47,1972
47,1974
47,1971
47,1970
47,1968
47,1967
47,1964
47,1965
47,1963
47,1962
47,1960
47,1959
47,1958
47,1957
47,1955
47,1953
47,1951
47,1950
47,1949
47,1948
47,1944
47,1943
47,1941
47,1940
47,1939
47,1938
47,1934
47,1933
47,1932
47,1931
47,1930
47,1928
47,1927
47,1926
47,1925
47,1921
47,1920
47,1727
47,1665
47,1726
47,1725
47,1724
47,1722
47,1720
47,1721
47,1719
47,1716
47,1717
47,1714
47,1712
47,1711
47,1710
47,1708
47,1707
47,1705
47,1703
47,1697
47,1699
47,1695
47,1694
47,1693
47,1691
47,1690
47,1689
47,1686
47,1685
47,1684
47,1680
47,1681
47,1679
47,1677
47,1676
47,1675
47,1674
47,1672
47,1670
47,1668
47,1667
47,1669
47,1596
47,1597
47,1594
47,1595
47,1592
47,1591
47,1590
47,1588
47,1587
47,1584
47,1586
47,1583
47,1581
47,1580
47,1582
47,1578
47,1576
47,1575
47,1574
47,1572
47,1573
47,1570
47,1568
47,1567
47,1566
47,1565
47,1562
47,1561
47,1559
47,1558
47,1560
47,1557
47,1555
47,1554
47,1553
47,1552
47,1549
47,1547
47,1546
47,1545
47,1544
47,1543
47,1540
47,1537
47,1538
47,1536
47,1407
47,1406
47,1403
47,1404
47,1401
47,1399
47,1397
47,1395
47,1394
47,1392
47,1389
47,1390
47,1388
47,1387
47,1385
47,1384
47,1383
47,1381
47,1382
47,1379
47,1376
47,1377
47,1375
47,1372
47,1371
47,1373
47,1369
47,1367
47,1368
47,1365
47,1363
47,1362
47,1364
47,1359
47,1360
47,1357
47,1356
47,1354
47,1355
47,1352
47,1351
47,1349
47,1348
47,1344
47,1346
47,1341
47,1340
47,1342
47,1339
47,1338
47,1336
47,1335
47,1334
47,1333
47,1330
47,1328
47,1327
47,1326
47,1325
47,1324
47,1322
47,1320
47,1319
47,1316
47,1315
47,1312
47,1311
47,1313
47,1309
47,1307
47,1308
47,1305
47,1303
47,1304
47,1301
47,1298
47,1300
47,1297
47,1296
47,1295
47,1294
47,1291
47,1290
47,1288
47,1285
47,1283
47,1284
47,1281
47,1280
47,1154
47,1214
47,1213
47,1212
47,1208
47,1209
47,1207
47,1205
47,1204
47,1200
47,1198
47,1197
47,1196
47,1194
47,1193
47,1192
47,1189
47,1188
47,1187
47,1184
47,1183
47,1181
47,1180
47,1179
47,1177
47,1175
47,1172
47,1171
47,1170
47,1168
47,1167
47,1164
47,1165
47,1163
47,1161
47,1157
47,1156
47,1155
47,1153
47,937
47,952
47,958
47,957
47,956
47,955
47,951
47,950
47,947
47,945
47,946
47,941
47,942
47,939
47,938
47,934
47,933
47,930
47,929
47,926
47,925
47,921
47,917
47,915
47,912
47,911
47,909
47,904
47,903
47,900
47,896
47,807
47,808
47,796
47,767
47,762
47,761
47,756
47,754
47,753
47,748
47,750
47,745
47,740
47,739
47,735
47,730
47,729
47,725
47,722
47,720
47,716
47,715
47,711
47,705
47,704
47,829
47,825
47,824
47,822
47,820
47,813
47,815
47,811
47,804
47,802
47,799
47,792
47,791
47,788
47,787
47,783
47,778
47,779
47,772
47,773
47,769
47,511
47,510
47,506
47,503
47,501
47,498
47,494
47,493
47,488
47,489
47,484
47,481
47,478
47,470
47,471
47,465
47,463
47,462
47,458
47,456
47,452
47,451
47,319
47,265
47,315
47,311
47,307
47,304
47,303
47,298
47,295
47,291
47,290
47,288
47,285
47,282
47,278
47,274
47,276
47,271
47,268
47,264
47,260
47,257
47,259
47,256
47,93
47,92
47,90
47,91
47,80
47,77
47,82
47,76
47,72
47,66
47,65
47,62
47,60
47,53
47,50
47,37
47,35
47,39
47,29
47,25
47,11
47,581
83,3
132,6
132,4
67,9
159,6
87,4
1,45
3,44
2,44
1,44
3,43
2,43
1,43
3,42
2,42
1,42
3,41
2,41
1,41
3,40
2,40
1,40
3,39
2,39
1,39
3,38
2,38
1,38
3,37
2,37
1,37
3,36
2,36
1,36
3,35
2,35
1,35
3,34
2,34
1,34
3,33
2,33
1,33
3,32
2,32
1,32
3,31
2,31
1,31
3,30
2,30
1,30
3,29
2,29
1,29
3,28
2,28
1,28
3,27
2,27
1,27
3,26
2,26
1,26
3,25
2,25
1,25
3,24
2,24
1,24
3,23
2,23
1,23
3,22
2,22
1,22
3,21
2,21
1,21
3,20
2,20
1,20
3,19
2,19
1,19
3,18
2,18
1,18
3,17
2,17
1,17
3,16
2,16
1,16
3,15
2,15
1,15
3,14
2,14
1,14
3,13
2,13
1,13
3,12
2,12
1,12
3,11
2,11
1,11
3,10
2,10
1,10
3,9
2,9
1,9
3,8
2,8
1,8
3,7
2,7
1,7
3,6
2,6
1,6
3,5
2,5
1,5
3,4
2,4
1,4
3,3
2,3
1,3
0,6
39,4
47,32
47,31
47,30
47,28
47,27
47,26
47,23
47,22
47,21
47,20
47,18
47,17
47,16
47,14
47,13
47,12
47,10
47,9
47,8
47,7
47,6
47,5
47,4
47,3
47,2
47,0
45,3
44,13
42,3
41,3
39,3
36,3
35,3
34,6
34,5
34,4
34,3
34,2
34,1
34,0
33,4
33,3
33,2
33,1
33,0
32,7
32,6
32,5
32,4
32,3
32,2
32,1
32,0
31,3
31,2
31,1
31,0
30,3
30,2
30,1
30,0
29,3
29,2
29,1
29,0
28,3
28,2
28,1
28,0
27,3
27,2
27,1
27,0
26,3
26,2
26,1
26,0
25,3
25,2
25,1
25,0
24,3
24,2
24,1
24,0
23,3
23,2
23,1
23,0
22,3
22,2
22,1
22,0
21,3
21,2
21,1
21,0
20,19
20,18
20,17
20,16
20,15
20,14
20,13
20,12
20,11
20,10
20,9
20,8
20,7
20,6
20,5
20,4
20,3
20,2
20,1
20,0
19,5
19,4
19,3
19,2
19,1
19,0
18,3
18,2
18,1
18,0
17,5
17,4
17,3
17,2
17,1
17,0
16,3
16,2
16,1
16,0
15,7
15,6
15,5
15,4
15,3
15,2
15,1
15,0
14,9
14,8
14,7
14,6
14,5
14,4
14,3
14,2
14,1
14,0
13,7
13,6
13,5
13,4
13,3
13,2
13,1
13,0
12,6
12,5
12,4
12,3
12,2
12,1
12,0
11,7
11,6
11,5
11,4
11,3
11,2
11,1
11,0
10,5
8,4
7,3
5,70
5,66
5,65
5,64
5,35
5,33
5,32
5,31
5,29
5,28
5,27
5,26
5,25
5,24
5,23
5,21
5,20
5,18
5,17
5,15
5,14
5,13
5,12
5,11
5,10
5,9
5,8
5,7
5,6
5,5
5,4
5,3
4,3
3,2
2,2
1,2
0,255
0,62
0,61
0,60
0,58
0,57
0,55
0,52
0,51
47,33
47,34
47,36
47,38
47,41
47,43
47,46
47,49
47,54
47,58
47,61
47,67
47,69
47,73
47,81
47,84
47,88
47,89
47,95
47,98
47,104
47,109
47,111
47,114
47,123
47,127
47,129
47,137
47,144
47,147
47,149
47,155
47,159
47,166
47,169
47,175
47,181
47,183
47,187
47,192
47,201
47,205
47,208
47,212
47,214
47,221
47,223
47,228
47,234
47,235
47,240
47,241
47,245
47,249
47,251
47,253
47,254
47,258
47,262
47,266
47,270
47,275
47,279
47,284
47,289
47,293
47,296
47,301
47,302
47,308
47,310
47,313
47,316
47,318
47,329
47,334
47,341
47,353
47,356
47,361
47,363
47,368
47,372
47,380
47,385
47,390
47,394
47,399
47,407
47,415
47,420
47,428
47,431
47,440
47,448
47,449
47,453
47,454
47,459
47,460
47,464
47,468
47,469
47,473
47,475
47,482
47,485
47,486
47,491
47,492
47,495
47,496
47,500
47,502
47,505
47,508
47,509
47,512
47,514
47,516
47,521
47,522
47,529
47,530
47,537
47,543
47,546
47,550
47,554
47,562
47,569
47,572
47,578
47,579
47,584
47,585
47,638
47,648
47,650
47,658
47,662
47,670
47,678
47,683
47,690
47,693
47,700
47,707
47,708
47,712
47,713
47,718
47,719
47,723
47,726
47,727
47,731
47,732
47,738
47,741
47,743
47,746
47,747
47,751
47,752
47,755
47,759
47,760
47,764
47,765
47,771
47,775
47,777
47,780
47,781
47,784
47,785
47,789
47,793
47,794
47,797
47,798
47,800
47,803
47,806
47,809
47,810
47,814
47,816
47,819
47,821
47,823
47,827
47,828
47,830
47,835
47,836
47,840
47,842
47,846
47,849
47,850
47,855
47,856
47,860
47,861
47,865
47,868
47,870
47,874
47,875
47,880
47,884
47,886
47,888
47,890
47,893
47,894
47,898
47,901
47,902
47,905
47,906
47,910
47,913
47,916
47,918
47,920
47,923
47,924
47,928
47,931
47,932
47,935
47,936
47,940
47,943
47,944
47,948
47,949
47,954
47,959
47,965
47,971
47,974
47,980
47,984
47,988
47,995
47,999
47,1002
47,1004
47,1009
47,1017
47,1019
47,1025
47,1030
47,1033
47,1038
47,1041
47,1047
47,1051
47,1057
47,1060
47,1068
47,1076
47,1077
47,1085
47,1087
47,1098
47,1100
47,1108
47,1116
47,1120
47,1128
47,1133
47,1141
47,1147
47,1152
47,1158
47,1160
47,1162
47,1166
47,1169
47,1173
47,1174
47,1176
47,1178
47,1182
47,1185
47,1186
47,1190
47,1191
47,1195
47,1199
47,1203
47,1206
47,1211
47,1215
47,1219
47,1227
47,1235
47,1240
47,1248
47,1249
47,1259
47,1267
47,1270
47,1279
47,1282
47,1286
47,1289
47,1293
47,1299
47,1302
47,1306
47,1310
47,1314
47,1321
47,1323
47,1329
47,1331
47,1337
47,1343
47,1345
47,1350
47,1353
47,1358
47,1361
47,1366
47,1370
47,1374
47,1378
47,1380
47,1386
47,1391
47,1393
47,1400
47,1402
47,1412
47,1413
47,1419
47,1424
47,1429
47,1437
47,1439
47,1445
47,1451
47,1453
47,1458
47,1461
47,1466
47,1469
47,1476
47,1481
47,1486
47,1492
47,1493
47,1500
47,1504
47,1506
47,1511
47,1514
47,1517
47,1519
47,1522
47,1525
47,1527
47,1530
47,1532
47,1535
47,1539
47,1542
47,1550
47,1551
47,1556
47,1563
47,1564
47,1569
47,1571
47,1577
47,1579
47,1585
47,1589
47,1593
47,1598
47,1599
47,1603
47,1611
47,1612
47,1617
47,1620
47,1625
47,1628
47,1633
47,1638
47,1641
47,1646
47,1647
47,1654
47,1658
47,1660
47,1664
47,1666
47,1671
47,1673
47,1678
47,1682
47,1683
47,1687
47,1692
47,1696
47,1706
47,1709
47,1715
47,1718
47,1723
47,1728
47,1732
47,1734
47,1738
47,1742
47,1744
47,1750
47,1755
47,1757
47,1762
47,1763
47,1767
47,1770
47,1772
47,1775
47,1776
47,1779
47,1781
47,1784
47,1787
47,1789
47,1792
47,1795
47,1800
47,1805
47,1808
47,1813
47,1814
47,1820
47,1821
47,1824
47,1827
47,1829
47,1832
47,1834
47,1837
47,1840
47,1842
47,1845
47,1847
47,1850
47,1851
47,1853
47,1855
47,1857
47,1860
47,1862
47,1865
47,1868
47,1870
47,1873
47,1874
47,1877
47,1881
47,1882
47,1885
47,1887
47,1890
47,1892
47,1895
47,1898
47,1899
47,1901
47,1902
47,1904
47,1906
47,1907
47,1909
47,1910
47,1912
47,1913
47,1915
47,1917
47,1918
47,1922
47,1924
47,1929
47,1935
47,1936
47,1942
47,1945
47,1952
47,1956
47,1961
47,1966
47,1969
47,1975
47,1977
47,1984
47,1988
47,1990
47,1995
47,1997
47,2000
47,2003
47,2005
47,2008
47,2010
47,2013
47,2014
47,2018
47,2021
47,2022
47,2026
47,2027
47,2030
47,2033
47,2034
47,2036
47,2037
47,2039
47,2040
47,2042
47,2044
47,2045
47,2047
47,2048
47,2053
47,2057
47,2060
47,2065
47,2067
47,2070
47,2071
47,2075
47,2078
47,2079
47,2082
47,2084
47,2087
47,2090
47,2092
47,2095
47,2097
47,2100
47,2101
47,2105
47,2108
47,2109
47,2176
47,2177
47,2180
47,2185
47,2188
47,2191
47,2193
47,2196
47,2199
47,2201
47,2208
47,2210
47,2213
47,2214
47,2217
47,2221
47,2222
47,2227
47,2229
47,2232
47,2236
47,2238
47,2241
47,2242
47,2244
47,2245
47,2247
47,2249
47,2250
47,2252
47,2253
47,2255
47,2257
47,2258
47,2260
47,2261
47,2263
47,2264
47,2266
47,2306
47,2307
47,2310
47,2311
47,2313
47,2315
47,2316
47,2318
47,2319
47,2321
47,2323
47,2324
47,2326
47,2327
47,2329
47,2330
47,2332
47,2334
47,2335
47,2337
47,2338
47,2340
47,2342
47,2343
47,2345
47,2369
47,2371
47,2372
47,2374
47,2376
47,2377
47,2379
47,2380
47,2382
47,2384
47,2385
47,2387
47,2388
47,2390
47,2391
47,2393
47,2395
47,2432
47,2434
47,2435
47,2437
47,2439
47,2440
47,2442
47,2443
47,2445
47,2447
47,2448
47,2450
47,2451
47,2453
47,2454
47,2456
47,2458
47,2459
47,2461
47,2462
47,2496
47,2498
47,2499
47,2501
47,2502
47,2504
47,2505
47,2507
47,2509
47,2510
47,2512
47,2513
47,2516
47,2518
47,2519
47,2521
47,2522
47,2524
47,2525
47,2528
47,2530
47,2532
47,2534
47,2535
47,2537
47,2539
47,2540
47,2542
47,2543
47,2545
47,2546
47,2548
47,2550
47,2551
47,2553
47,2554
47,2556
47,2558
47,2559
47,2562
47,2563
47,2566
47,2569
47,2570
47,2574
47,2575
47,2578
47,2579
47,2581
47,2583
47,2584
47,2586
47,2587
47,2589
47,2591
47,2592
47,2594
47,2595
47,2597
47,2598
47,2600
47,2602
47,2603
47,2605
47,2606
47,2608
47,2610
47,2611
47,2613
47,2614
47,2616
47,2617
47,2619
47,2621
47,2622
47,2624
47,2625
47,2627
47,2629
47,2630
47,2632
47,2633
47,2635
47,2637
47,2638
47,2640
47,2641
47,2643
47,2644
47,2646
47,2648
47,2649
47,2651
47,2652
47,2654
47,2656
47,2657
47,2688
47,2752
47,2754
47,2755
47,2757
47,2759
47,2760
47,2762
47,2763
47,2765
47,2767
47,2768
47,2770
47,2771
47,2773
47,2774
47,2776
47,2778
47,2779
47,2781
47,2783
47,2816
55,10
55,11
55,17
55,18
67,6
67,8
76,3
77,5
77,10
77,26
77,45
77,79
77,93
77,101
77,115
77,123
77,191
77,203
77,211
77,222
77,224
77,235
77,236
77,244
77,254
77,263
77,278
77,283
77,291
77,298
77,303
77,310
77,316
77,327
77,330
77,338
77,348
77,351
77,357
77,364
77,370
77,378
77,383
77,391
77,392
77,452
77,456
77,463
77,473
77,475
77,483
77,487
77,495
77,503
77,507
77,512
77,517
77,525
77,531
77,538
77,544
77,547
77,555
77,560
77,568
77,574
77,580
77,587
77,593
77,599
77,607
77,612
77,620
77,623
77,633
77,634
77,642
77,653
77,655
77,663
77,668
77,676
77,683
77,688
77,696
77,701
77,707
77,710
77,718
8,0
77,728
77,731
77,737
77,744
77,750
77,758
77,762
77,767
77,770
77,775
77,777
77,783
77,788
77,789
77,796
77,797
77,802
77,807
77,810
77,815
77,818
77,823
77,827
77,830
77,835
77,837
77,843
77,845
77,849
77,856
77,857
77,862
77,865
77,870
77,875
77,878
77,883
77,886
77,890
77,891
77,895
77,899
77,901
77,906
77,909
77,914
77,918
77,921
77,926
77,929
77,934
77,936
77,942
77,947
77,948
77,955
77,956
77,961
77,966
77,969
77,974
77,977
77,982
77,986
77,990
77,994
77,996
77,1000
77,1001
77,1004
77,1008
77,1009
77,1012
77,1014
77,1017
77,1020
77,1022
77,1026
77,1029
77,1033
77,1035
77,1039
77,1042
77,1043
77,1046
77,1048
77,1051
77,1054
77,1055
77,1057
77,1058
77,1060
77,1061
77,1063
77,1065
77,1066
77,1068
77,1069
77,1071
77,1073
77,1074
77,1090
77,1092
77,1095
77,1098
77,1099
77,1103
77,1104
77,1107
77,1109
77,1112
77,1115
77,1117
77,1119
77,1120
77,1122
77,1124
77,1125
77,1127
77,1128
77,1130
77,1131
77,1133
77,1135
77,1136
77,1138
77,1139
77,1141
77,1143
77,1144
77,1146
77,1147
77,1149
77,1150
77,1153
77,1158
77,1160
77,1164
77,1168
77,1172
77,1177
77,1180
77,1184
77,1186
77,1189
77,1190
77,1194
77,1197
77,1198
77,1202
77,1203
77,1206
77,1209
77,1211
77,1214
77,1216
77,1219
77,1222
77,1224
77,1227
77,1228
77,1232
77,1233
77,1236
77,1240
77,1241
77,1244
77,1246
77,1249
77,1252
77,1254
77,1257
77,1259
77,1261
77,1262
77,1264
77,1266
77,1267
77,1269
77,1270
77,1272
77,1274
77,1275
77,1277
77,1278
77,1281
77,1282
77,1285
77,1287
77,1288
77,1290
77,1291
77,1293
77,1295
77,1296
77,1298
77,1299
77,1301
77,1303
77,1304
77,1306
77,1307
77,1309
77,1310
77,1312
77,1314
77,1315
77,1317
77,1344
77,1346
77,1348
77,1349
77,1408
77,1409
77,1411
77,1412
77,1414
77,1416
77,1417
77,1419
77,1420
77,1422
77,1424
77,1425
77,1427
77,1428
77,1430
77,1431
77,1433
77,1435
77,1436
77,1438
77,1439
77,1441
77,1443
